275
235, 150
174, 203
174, 203
174, 203
171, 213
171, 213
171, 213
169, 221
169, 221
169, 221
167, 227
167, 227
167, 227
166, 235
166, 235
166, 235
165, 240
165, 240
165, 240
165, 244
165, 244
165, 244
165, 249
165, 249
165, 249
165, 253
165, 253
165, 253
165, 257
165, 257
165, 257
165, 264
165, 264
165, 264
167, 269
167, 269
167, 269
169, 276
169, 276
169, 276
169, 279
169, 279
169, 279
171, 281
171, 281
171, 281
173, 286
173, 286
173, 286
175, 290
175, 290
175, 290
177, 292
177, 292
177, 292
178, 295
178, 295
178, 295
181, 297
181, 297
181, 297
182, 299
182, 299
182, 299
183, 301
183, 301
183, 301
187, 304
187, 304
187, 304
189, 306
189, 306
189, 306
192, 308
192, 308
192, 308
196, 309
196, 309
196, 309
201, 311
201, 311
201, 311
208, 312
208, 312
208, 312
214, 312
214, 312
214, 312
224, 312
224, 312
224, 312
231, 312
231, 312
231, 312
244, 312
244, 312
244, 312
255, 312
255, 312
255, 312
262, 311
262, 311
262, 311
270, 308
270, 308
270, 308
279, 305
279, 305
279, 305
286, 302
286, 302
286, 302
288, 300
288, 300
288, 300
293, 295
293, 295
293, 295
296, 292
296, 292
296, 292
297, 287
297, 287
297, 287
299, 281
299, 281
299, 281
302, 272
302, 272
302, 272
304, 265
304, 265
304, 265
307, 256
307, 256
307, 256
309, 248
309, 248
309, 248
311, 236
311, 236
311, 236
312, 232
312, 232
312, 232
314, 223
314, 223
314, 223
315, 218
315, 218
315, 218
316, 209
316, 209
316, 209
316, 205
316, 205
316, 205
317, 200
317, 200
317, 200
317, 196
317, 196
317, 196
317, 190
317, 190
317, 190
316, 186
316, 186
316, 186
316, 182
316, 182
316, 182
315, 176
315, 176
315, 176
313, 170
313, 170
313, 170
312, 165
312, 165
312, 165
309, 159
309, 159
309, 159
305, 153
305, 153
305, 153
302, 149
302, 149
302, 149
295, 143
295, 143
295, 143
291, 139
291, 139
291, 139
282, 135
282, 135
282, 135
275, 131
275, 131
275, 131
268, 129
268, 129
268, 129
262, 127
262, 127
262, 127
258, 126
258, 126
258, 126
254, 126
254, 126
254, 126
248, 125
248, 125
248, 125
242, 125
242, 125
242, 125
239, 125
239, 125
239, 125
233, 126
233, 126
233, 126
229, 127
229, 127
229, 127
223, 130
223, 130
223, 130
219, 132
219, 132
219, 132
213, 136
213, 136
213, 136
209, 138
209, 138
209, 138
206, 141
206, 141
206, 141
202, 144
202, 144
202, 144
200, 145
200, 145
200, 145
195, 149
195, 149
195, 149
192, 154
192, 154
192, 154
189, 156
189, 156
189, 156
188, 158
188, 158
188, 158
186, 160
186, 160
186, 160
186, 162
186, 162
186, 162
186, 162
186, 162
186, 162
185, 165
185, 165
185, 165
185, 165
